0.26250000000000007 0.26250000000000007 0.18750000000000003 0.15000000000000002 0.075000000000000011 0.0 0.0 0.0 0.0 0.0 0.0 0.0 0.0 0.0 0.0 0.0 0.0 0.0 0.0 0.0 0.010863012452059194 0.010863012452059194 0.010863012452059194 0.010863012452059194 0.010863012452059194 0.0 0.0 0.0 0.0 0.0 0.0 0.0 0.0 0.0 0.0 0.0 0.0 0.0 0.0 0.0 0.0 0.0 0.0 0.0 0.0 0.0 0.0 0.0 0.0 0.0 
0.26250000000000007 0.30000000000000004 0.22500000000000003 0.18750000000000003 0.11250000000000002 0.037500000000000006 0.0 0.0 0.0 0.0 0.0 0.0 0.0 0.0 0.0 0.0 0.0 0.0 0.0 0.0 0.010863012452059194 0.016294518678088791 0.016294518678088791 0.016294518678088791 0.016294518678088791 0.005431506226029597 0.0 0.0 0.0 0.0 0.0 0.0 0.0 0.0 0.0 0.0 0.0 0.0 0.0 0.0 0.0 0.0 0.0 0.0 0.0 0.0 0.0 0.0 0.0 0.0 
0.18750000000000003 0.22500000000000003 0.22500000000000003 0.18750000000000003 0.11250000000000002 0.037500000000000006 0.0 0.0 0.0 0.0 0.0 0.0 0.0 0.0 0.0 0.0 0.0 0.005431506226029597 0.005431506226029597 0.005431506226029597 0.016294518678088791 0.021726024904118388 0.021726024904118388 0.021726024904118388 0.021726024904118388 0.010863012452059194 0.005431506226029597 0.0 0.0 0.0 0.0 0.0 0.0 0.0 0.0 0.0 0.0 0.0 0.0 0.0 0.0 0.0 0.0 0.0 0.0 0.0 0.0 0.0 0.0 0.0 
0.15000000000000002 0.18750000000000003 0.18750000000000003 0.18750000000000003 0.11250000000000002 0.037500000000000006 0.0 0.0 0.0 0.0 0.0 0.0 0.0 0.0 0.0 0.0 0.0 0.005431506226029597 0.019169888894704099 0.019169888894704099 0.030032901346763292 0.035464407572792886 0.035464407572792886 0.021726024904118388 0.021726024904118388 0.010863012452059194 0.005431506226029597 0.0 0.0 0.0 0.0 0.0 0.0 0.0 0.0 0.0 0.0 0.0 0.0 0.0 0.0 0.0 0.0 0.0 0.0 0.0 0.0 0.0 0.0 0.0 
0.075000000000000011 0.11250000000000002 0.11250000000000002 0.11250000000000002 0.11250000000000002 0.037500000000000006 0.0 0.0 0.0 -0.0070178534919657452 -0.0070178534919657452 -0.0070178534919657452 -0.0070178534919657452 -0.0070178534919657452 0.0 0.0 0.0 0.005431506226029597 0.019169888894704099 0.061793785854412475 0.072656798306471662 0.078088304532501263 0.078088304532501263 0.064349921863826764 0.021726024904118388 0.010863012452059194 0.005431506226029597 0.0 0.0 0.0 0.0 0.0 0.0 0.0 0.0 0.0 0.0 0.0 0.0 0.0 0.0 0.0 0.0 0.0 -0.0060163281756927802 -0.0060163281756927802 -0.0060163281756927802 -0.0060163281756927802 -0.0060163281756927802 0.0 
0.0 0.037500000000000006 0.037500000000000006 0.037500000000000006 0.037500000000000006 0.03399107325401713 -0.0035089267459828726 -0.0035089267459828726 -0.0035089267459828726 -0.010526780237948619 -0.010526780237948619 -0.010526780237948619 -0.010526780237948619 -0.010526780237948619 -0.0035089267459828726 0.016613752885289809 0.016613752885289809 0.022045259111319406 0.035783641779993908 0.078407538739702271 0.076940917476771842 0.082372423702801442 0.082372423702801442 0.068634041034126944 0.026010144074418564 0.010863012452059194 0.005431506226029597 0.0 0.0 0.0 0.0 0.0 0.0 0.0 0.0 0.0 0.0 0.0 0.0 0.0 -0.0060163281756927802 -0.0060163281756927802 -0.0060163281756927802 -0.0060163281756927802 -0.01203265635138556 -0.01203265635138556 -0.01203265635138556 -0.01203265635138556 -0.01203265635138556 -0.0060163281756927802 
0.0 0.0 0.0 0.0 0.0 -0.0035089267459828726 -0.0070178534919657452 -0.0070178534919657452 -0.0070178534919657452 -0.01403570698393149 -0.01403570698393149 -0.010526780237948619 -0.010526780237948619 -0.010526780237948619 -0.0035089267459828726 0.016613752885289809 0.032494195139114397 0.037925701365143991 0.051664084033818496 0.094287980993526865 0.092821359730596437 0.076940917476771842 0.076940917476771842 0.063202534808097344 0.020578637848388967 0.005431506226029597 0.005431506226029597 0.0 0.0 0.0 0.0 0.0 0.0 0.0 0.0 0.0 0.0 0.0 0.0 0.0 -0.0060163281756927802 -0.01203265635138556 -0.01203265635138556 -0.01203265635138556 -0.01804898452707834 -0.01804898452707834 -0.01203265635138556 -0.01203265635138556 -0.01203265635138556 -0.0060163281756927802 
0.0 0.0 0.0 0.0 0.0 -0.0035089267459828726 -0.0070178534919657452 -0.016676186595220317 -0.016676186595220317 -0.023694040087186063 -0.023694040087186063 -0.020185113341203192 -0.010526780237948619 -0.010526780237948619 -0.0035089267459828726 0.016613752885289809 0.032494195139114397 0.06425507964676358 0.077993462315438078 0.12061735927514644 0.11915073801221601 0.10327029575839142 0.071509411250742241 0.057771028582067743 0.01514713162235937 0.0 0.0 0.0 0.0 0.0 0.0 0.0 0.0 0.0 0.0 0.0 0.0 0.0 0.0 0.0 -0.0060163281756927802 -0.01203265635138556 -0.024065312702771121 -0.024065312702771121 -0.030081640878463902 -0.030081640878463902 -0.024065312702771121 -0.01203265635138556 -0.01203265635138556 -0.0060163281756927802 
0.0 0.0 0.0 0.0 0.0 -0.0035089267459828726 -0.0070178534919657452 -0.016676186595220317 -0.022825592952492015 -0.029843446444457765 -0.029843446444457765 -0.026334519698474893 -0.01667618659522032 -0.010526780237948619 -0.0035089267459828726 0.016613752885289809 0.032494195139114397 0.06425507964676358 0.071828645457943263 0.11445254241765163 0.1129859211547212 0.097105478900896602 0.065344594393247427 0.057771028582067743 0.01514713162235937 0.0 0.0 0.0 0.0 0.0 0.0 0.0 0.0 0.0 0.0 0.0 0.0 0.0 0.0 0.0 -0.0060163281756927802 -0.01203265635138556 -0.024065312702771121 -0.030081640878463902 -0.03609796905415668 -0.03609796905415668 -0.030081640878463902 -0.01804898452707834 -0.01203265635138556 -0.0060163281756927802 
0.0 0.0 0.0 0.0 0.0 -0.0035089267459828726 -0.0070178534919657452 -0.016676186595220317 -0.022825592952492015 -0.028106552175069667 -0.028106552175069667 -0.024597625429086795 -0.014939292325832226 -0.0087898859685605259 0.0017212577240572659 0.021843937355329947 0.037724379609154535 0.069485264116803711 0.077058829927983394 0.071828645457943263 0.070362024195012821 0.054481581941188233 0.022720697433539057 0.01514713162235937 0.01514713162235937 0.0 0.0 0.0 0.0 0.0 0.0 0.0 0.0 0.0 0.0 0.0 0.0 0.0 0.0 0.0 -0.0060163281756927802 -0.01203265635138556 -0.024065312702771121 -0.030081640878463902 -0.03609796905415668 -0.03609796905415668 -0.030081640878463902 -0.01804898452707834 -0.01203265635138556 -0.0060163281756927802 
0.0 0.0 0.0 0.0 0.0 0.0 -0.0035089267459828726 -0.013167259849237445 -0.019316666206509143 -0.024597625429086799 -0.027263492416644379 -0.023754565670661507 -0.014096232567406938 -0.0079468262101352379 0.0025643174824825543 0.0078452767050602081 0.023725718958884798 0.055486603466533974 0.063060169277713657 0.057829984807673519 0.055214892572653447 0.039334450318828859 0.007573565811179685 0.0 0.0 0.0 0.0 0.0 0.0 0.0 0.0 0.0 0.0 0.0 0.0 0.0 0.0 0.0 0.0 0.0 0.0 -0.0060163281756927802 -0.01804898452707834 -0.024065312702771121 -0.030081640878463902 -0.040778842472431992 -0.034762514296739211 -0.022729857945353652 -0.016713529769660871 -0.01069720159396809 
0.0 0.0 0.0 0.0 0.0 0.0 0.0 -0.0096583331032545731 -0.015807739460526271 -0.021088698683103927 -0.023754565670661507 -0.023779953046930265 -0.014121619943675695 -0.0079722135864039954 0.0025389301062137969 0.0078198893287914507 0.0078452767050602081 0.039606161212709386 0.047179727023889069 0.041949542553848931 0.039334450318828859 0.039334450318828859 0.007573565811179685 0.0 0.0 0.0 0.0 0.0 0.0 0.0 0.0 0.0 0.0 0.0 0.0 0.0 0.0 0.0 0.0 0.0 0.0 0.0 -0.01203265635138556 -0.01804898452707834 -0.024065312702771121 -0.034762514296739211 -0.045459715890707297 -0.033427059539321742 -0.027410731363628961 -0.02139440318793618 
0.0 0.0 0.0 0.0 0.0 0.0 0.0 0.0 -0.0061494063572716997 -0.011430365579849354 -0.014096232567406938 -0.014121619943675695 -0.011531915084924384 -0.005382508727652684 0.0051286349649651087 0.010409594187542762 0.010434981563811519 0.0078452767050602081 0.015418842516239893 0.010188658046199754 0.007573565811179685 0.007573565811179685 0.007573565811179685 0.0 0.0 0.0 0.0 0.0 0.0 0.0 0.0 0.0 0.0 0.0 0.0 0.0 0.0 0.0 0.0 0.0 0.0 0.0 0.0 -0.0060163281756927802 -0.01203265635138556 -0.022729857945353652 -0.033427059539321742 -0.054821462727257922 -0.048805134551565141 -0.04278880637587236 
0.0 0.0 0.0 0.0 0.0 0.0 0.0 0.0 0.0 -0.0052809592225776534 -0.0079468262101352379 -0.0079722135864039954 -0.005382508727652684 -0.0027674164926326148 0.0077437271999851783 0.013024686422562831 0.013050073798831588 0.010460368940080277 0.0078452767050602081 0.0026150922350200692 0.0 0.0 0.0 0.0 0.0 0.0 0.0 0.0 0.0 0.0 0.0 0.0 0.0 0.0 0.0 0.0 0.0 0.0 0.0 0.0 0.0 0.0 0.0 0.0 -0.0060163281756927802 -0.016713529769660871 -0.027410731363628961 -0.048805134551565141 -0.059502336145533227 -0.053486007969840446 
0.0 0.0 0.0 0.0 0.0 0.0 0.0 0.0 0.0 0.0 -0.0026658669875575841 -0.0026912543638263416 -0.0001015495050750298 0.0025135427299450394 0.0025135427299450394 0.0077945019525226932 0.0078198893287914507 0.0052301844700401385 0.0026150922350200692 0.0026150922350200692 0.0 0.0 0.0 0.0 0.0 0.0 0.0 0.0 0.0 0.0 0.0 0.0 0.0 0.0 0.0 0.0 0.0 0.0 0.0 0.0 0.0 0.0 0.0 0.0 0.0 -0.01069720159396809 -0.02139440318793618 -0.04278880637587236 -0.053486007969840446 -0.074880411157776619 
0.0 0.0 0.0 0.0 0.0 0.0 0.0 0.0 0.0 0.0 0.0066277351969079917 0.0066023478206392342 0.0091920526793905465 0.011807144914410615 0.011807144914410615 0.0051794097175026236 0.005204797093771381 0.0026150922350200692 0.0 0.0 0.0 0.0 0.0 0.0 0.0 0.0 0.0 0.0 0.0 0.0 0.0 0.0 0.0 0.0 0.0 0.0 0.0 0.0 0.0 0.0 -0.0018952195972555869 -0.0018952195972555869 -0.0018952195972555869 -0.0018952195972555869 -0.0018952195972555869 -0.01069720159396809 -0.02139440318793618 -0.04278880637587236 -0.053486007969840446 -0.074880411157776619 
0.0 0.0 0.0 0.0 0.0 0.0 0.0 0.0 0.0 0.0 0.0066277351969079917 0.0099416027953619871 0.0125313076541133 0.015146399889133369 0.015146399889133369 0.0085186646922253764 0.005204797093771381 0.0026150922350200692 0.0 0.0 0.0 0.0 0.0 0.0 0.0 0.0 0.0 0.0 0.0 0.0 0.0 0.0 0.0 0.0 0.0 0.0 0.0 0.0 0.0 0.0 -0.0018952195972555869 -0.0037904391945111737 -0.0037904391945111737 -0.0037904391945111737 -0.0037904391945111737 -0.012592421191223677 -0.01069720159396809 -0.032091604781904273 -0.04278880637587236 -0.064183209563808533 
0.0 0.0 0.0 0.0 0.0 0.0 0.0 0.0 0.0 0.0 0.0066277351969079917 0.0099416027953619871 0.016569337992269978 0.01918443022729005 0.01918443022729005 0.012556695030382058 0.0092428274319280614 0.0026150922350200692 0.0 0.0 0.0 0.0 0.0 0.0 0.0 0.0 0.0 0.0 0.0 0.0 0.0 0.0 0.0 0.0 0.0 0.0 0.0 0.0 0.0 0.0 -0.0018952195972555869 -0.0037904391945111737 -0.0075808783890223474 -0.0075808783890223474 -0.0075808783890223474 -0.016382860385734849 -0.014487640788479264 -0.01069720159396809 -0.02139440318793618 -0.04278880637587236 
0.0 0.0 0.0 0.0 0.0 0.0 0.0 0.0 0.0 0.0 0.0066277351969079917 0.0099416027953619871 0.016569337992269978 0.019883205590723974 0.019883205590723974 0.013255470393815983 0.0099416027953619871 0.0033138675984539958 0.0 0.0 0.0 0.0 0.0 0.0 0.0 0.0 0.0 0.0 0.0 0.0 0.0 0.0 0.0 0.0 0.0 0.0 0.0 0.0 0.0 0.0 -0.0018952195972555869 -0.0037904391945111737 -0.0075808783890223474 -0.0094760979862779336 -0.0094760979862779336 -0.018278079982990435 -0.016382860385734849 -0.012592421191223677 -0.01069720159396809 -0.032091604781904273 
0.0 0.0 0.0 0.0 0.0 0.0 0.0 0.0 0.0 0.0 0.0066277351969079917 0.0099416027953619871 0.016569337992269978 0.019883205590723974 0.026510940787631967 0.019883205590723974 0.016569337992269978 0.0099416027953619871 0.0066277351969079917 0.0 0.0 0.0 0.0 0.0 0.0 0.0 0.0 0.0 0.0 0.0 0.0 0.0 0.0 0.0 0.0 0.0 0.0 0.0 0.0 -0.0037904391945111737 -0.0056856587917667603 -0.0075808783890223474 -0.011371317583533521 -0.013266537180789108 -0.0094760979862779336 -0.018278079982990435 -0.016382860385734849 -0.012592421191223677 -0.01069720159396809 -0.01069720159396809 
0.0 0.0 0.0 0.0 0.0 0.0 0.0 0.0 0.0 0.0 0.0 0.0033138675984539958 0.0099416027953619871 0.013255470393815983 0.019883205590723974 0.019883205590723974 0.016569337992269978 0.0099416027953619871 0.0066277351969079917 0.0 0.0 0.0 0.0 0.0 0.0 0.00074080131377173486 0.00074080131377173486 0.00074080131377173486 0.00074080131377173486 0.00074080131377173486 0.0 0.0 0.0 0.0 0.0 0.0 0.0 0.0 0.0 -0.0037904391945111737 -0.0056856587917667603 -0.0075808783890223474 -0.011371317583533521 -0.013266537180789108 -0.0094760979862779336 -0.0075808783890223474 -0.0056856587917667603 -0.0018952195972555869 0.0 0.0 
0.0 0.0 0.0 0.0 0.0 0.0 0.0 0.0 0.0 0.0 0.0 0.0 0.0066277351969079917 0.0099416027953619871 0.016569337992269978 0.016569337992269978 0.016569337992269978 0.0099416027953619871 0.0066277351969079917 0.0 0.0 0.0 0.0 0.0 0.0 0.00074080131377173486 0.0014816026275434697 0.0014816026275434697 0.0014816026275434697 0.0014816026275434697 0.00074080131377173486 0.0 0.0 0.0 0.0 0.0 0.0 0.0 0.0 -0.0037904391945111737 -0.0056856587917667603 -0.0056856587917667603 -0.0094760979862779336 -0.011371317583533521 -0.0075808783890223474 -0.0056856587917667603 -0.0056856587917667603 -0.0018952195972555869 0.0 0.0 
0.0 0.0 0.0 0.0 0.0 0.0 0.0 0.0 0.0 0.0 0.0 0.0 0.0 0.0033138675984539958 0.0099416027953619871 0.0099416027953619871 0.0099416027953619871 0.0099416027953619871 0.0066277351969079917 0.0 0.0 0.0 0.0 0.0 0.0 0.00074080131377173486 0.0014816026275434697 0.0029632052550869394 0.0029632052550869394 0.0029632052550869394 0.0022224039413152046 0.0014816026275434697 0.0 0.0 0.0 0.0 0.0 0.0 0.0 -0.0037904391945111737 -0.0056856587917667603 -0.0056856587917667603 -0.0056856587917667603 -0.0075808783890223474 -0.0037904391945111737 -0.0018952195972555869 -0.0018952195972555869 -0.0018952195972555869 0.0 0.0 
0.0 0.0 0.0 0.0 0.0 0.0 0.0 0.0 0.0 0.0 0.0 0.0 0.0 0.0 0.0066277351969079917 0.0066277351969079917 0.0066277351969079917 0.0066277351969079917 0.0066277351969079917 0.0 0.0 0.0 0.0 0.0 0.0 0.00074080131377173486 0.0014816026275434697 0.0029632052550869394 0.0037040065688586743 0.0037040065688586743 0.0029632052550869394 0.0022224039413152046 0.00074080131377173486 0.0 0.0 0.0 0.0 0.0 0.0 -0.0037904391945111737 -0.0056856587917667603 -0.0056856587917667603 -0.0056856587917667603 -0.0056856587917667603 -0.0018952195972555869 0.0 0.0 0.0 0.0 0.0 
0.0 0.0 0.0 0.0 0.0 0.0 0.0 0.0 0.0 0.0 0.0 0.0 0.0 0.0 0.0 0.0 0.0 0.0 0.0 0.0 0.0 0.0 0.0 0.0 0.0 0.00074080131377173486 0.0014816026275434697 0.0029632052550869394 0.0037040065688586743 0.0051856091964021436 0.0044448078826304091 0.0037040065688586743 0.0022224039413152046 0.0014816026275434697 0.0 0.0 0.0 0.0 0.0 0.0 -0.0018952195972555869 -0.0018952195972555869 -0.0018952195972555869 -0.0018952195972555869 -0.0018952195972555869 0.0 0.0 0.0 0.0 0.0 
0.0 0.0 0.0 0.0 0.0 0.0 0.0 0.0 0.0 0.0 0.0 0.0 0.0 0.0 0.0 0.0 0.0 0.0 0.0 0.0 0.0 0.0 0.0 0.0 0.0 0.0 0.00074080131377173486 0.0022224039413152046 0.0029632052550869394 0.0044448078826304091 0.0051856091964021436 0.0044448078826304091 0.0029632052550869394 0.0022224039413152046 0.00074080131377173486 0.0 0.0 0.0 0.0 0.0 0.0 0.0 0.0 0.0 0.0 0.0 0.0 0.0 0.0 0.0 
0.0 0.0 0.0 0.0 0.0 0.0 0.0 0.0 0.0 0.0 0.0 0.0 0.0 0.0 0.0 0.0 0.0 0.0 0.0 0.0 0.0 0.0 0.0 0.0 0.0 0.0 0.0 0.0014816026275434697 0.0022224039413152046 0.0037040065688586743 0.0044448078826304091 0.0044448078826304091 0.0029632052550869394 0.0022224039413152046 0.00074080131377173486 0.0 0.0 0.0 0.0 0.0 0.0 0.0 0.0 0.0 0.0 0.0 0.0 0.0 0.0 0.0 
0.0 0.0 0.0 0.0 0.0 0.0 0.0 0.0 0.0 0.0 0.0 0.0 -0.0019748719615977077 -0.0019748719615977077 -0.0019748719615977077 -0.0019748719615977077 -0.0019748719615977077 0.0 0.0 0.0 0.0 0.0 0.0 0.0 0.0 0.0 0.0 0.0 0.00074080131377173486 0.0022224039413152046 0.0029632052550869394 0.0029632052550869394 0.0029632052550869394 0.0022224039413152046 0.00074080131377173486 0.0 0.0 0.0 0.0 0.0 0.0 0.0 0.0 0.0 0.0 0.0 0.0 0.0 0.0 0.0 
0.0 0.0 0.0 0.0 0.0 0.0 0.0 0.0 0.0 0.0 0.0 0.0 -0.0019748719615977077 -0.0029623079423965618 -0.0029623079423965618 -0.0029623079423965618 -0.0029623079423965618 -0.00098743598079885386 0.0 0.0 0.0 0.0 0.0 0.0 0.0 0.0 0.0 0.0 0.0 0.0014816026275434697 0.0022224039413152046 0.0022224039413152046 0.0022224039413152046 0.0022224039413152046 0.00074080131377173486 0.0 0.0 0.0 0.0 0.0 0.0 0.0 0.0 0.0 0.0 0.0 0.0 0.0 0.0 0.0 
0.0 0.0 0.0 0.0 0.0 0.0 0.0 0.0 0.0 -0.00098743598079885386 -0.00098743598079885386 -0.00098743598079885386 -0.0029623079423965618 -0.0039497439231954154 -0.028012243923195415 -0.028012243923195415 -0.028012243923195415 -0.026037371961597708 -0.025049935980798854 0.0 0.0 0.0 0.0 0.0 0.0 0.0 0.0 0.0 0.0 0.0 0.00074080131377173486 0.00074080131377173486 0.00074080131377173486 0.00074080131377173486 0.00074080131377173486 0.0 0.0 0.0 0.0 -0.0038114050939216902 -0.0038114050939216902 -0.0038114050939216902 -0.0038114050939216902 -0.0038114050939216902 0.0 0.0 0.0 0.0 0.0 0.0 
0.0 0.0 0.0 0.0 0.0 0.0 0.0 0.0 0.0 -0.00098743598079885386 -0.0029623079423965618 -0.0029623079423965618 -0.0049371799039942691 -0.0059246158847931227 -0.029987115884793122 -0.076137243923195416 -0.076137243923195416 -0.074162371961597709 -0.073174935980798855 -0.048125000000000001 0.0 0.0 0.0 0.0 0.0 0.0 0.0 0.0 0.0 0.0 0.0 0.0 0.0 0.0 0.0 0.0 0.0 0.0 0.0 -0.0038114050939216902 -0.0076228101878433804 -0.0076228101878433804 -0.0076228101878433804 -0.0076228101878433804 -0.0038114050939216902 0.0 0.0 0.0 0.0 0.0 
0.0 0.0 0.0 0.0 0.0 0.0 0.0 0.0 0.0 -0.00098743598079885386 -0.0029623079423965618 -0.0039497439231954154 -0.0059246158847931227 -0.0069120518655919764 -0.030974551865591976 -0.07712467990399427 -0.10019974392319542 -0.09822487196159771 -0.097237435980798856 -0.072187500000000002 -0.024062500000000001 0.0 0.0 0.0 0.0 0.0 0.0 0.0 0.0 0.0 0.0 0.0 0.0 0.0 0.0 0.0 0.0 0.0 0.0 -0.0038114050939216902 -0.0076228101878433804 -0.0095285127348042255 -0.0095285127348042255 -0.0095285127348042255 -0.0057171076408825353 -0.0019057025469608451 0.0 0.0 0.0 0.0 
0.0 0.0 0.0 0.0 0.0 0.0 0.0 0.0 0.0 -0.00098743598079885386 -0.0029623079423965618 -0.0039497439231954154 -0.016449743923195415 -0.017437179903994269 -0.041499679903994266 -0.08764980794239656 -0.11072487196159771 -0.14325941665045019 -0.14227198066965133 -0.11722204468885247 -0.069097044688852471 -0.045034544688852478 0.0 0.0 0.0 0.0 0.0 0.0 0.0 0.0 0.0 0.0 0.0 0.0 0.0 0.0 0.0 -0.0019057025469608451 -0.0019057025469608451 -0.0057171076408825353 -0.0095285127348042255 -0.011434215281765071 -0.011434215281765071 -0.011434215281765071 -0.0076228101878433804 -0.0038114050939216902 -0.0019057025469608451 0.0 0.0 0.0 
0.0 0.0 0.0 0.0 0.0 0.0 0.0 0.0 0.0 -0.00098743598079885386 -0.0029623079423965618 -0.0039497439231954154 -0.016449743923195415 -0.028949743923195416 -0.05301224392319541 -0.099162371961597703 -0.12223743598079885 -0.15477198066965131 -0.1632440253585038 -0.13819408937770494 -0.090069089377704956 -0.066006589377704955 -0.020972044688852477 0.0 0.0 0.0 0.0 0.0 0.0 0.0 0.0 0.0 0.0 0.0 0.0 0.0 0.0 -0.0019057025469608451 -0.0038114050939216902 -0.0076228101878433804 -0.011434215281765071 -0.013339917828725916 -0.013339917828725916 -0.011434215281765071 -0.0076228101878433804 -0.0038114050939216902 -0.0019057025469608451 0.0 0.0 0.0 
0.0 0.0 0.0 0.0 0.0 0.0 0.0 0.0 0.0 0.0 -0.0019748719615977077 -0.0029623079423965618 -0.015462307942396562 -0.027962307942396562 -0.052024807942396556 -0.09817493598079885 -0.12125 -0.15378454468885244 -0.16225658937770493 -0.15701317875540988 -0.10888817875540992 -0.084825678755409917 -0.039791134066557432 -0.018819089377704955 0.0 0.0 0.0 0.0 0.0 0.0 0.0 0.0 0.0 0.0 -0.0058534106364470841 -0.0058534106364470841 -0.0058534106364470841 -0.0077591131834079292 -0.0096648157303687744 -0.0038114050939216902 -0.0076228101878433804 -0.0095285127348042255 -0.0095285127348042255 -0.0076228101878433804 -0.0076228101878433804 -0.0038114050939216902 -0.0019057025469608451 0.0 0.0 0.0 
0.0 0.0 0.0 0.0 0.0 0.0 0.0 0.0 0.0 0.0 0.0 -0.00098743598079885386 -0.013487435980798854 -0.025987435980798855 -0.050049935980798849 -0.050049935980798849 -0.073124999999999996 -0.10565954468885248 -0.11413158937770496 -0.10888817875540992 -0.12770726813311487 -0.10364476813311486 -0.058610223444262387 -0.03763817875540991 -0.018819089377704955 0.0 0.0 0.0 0.0 0.0 0.0 0.0 0.0 0.0 -0.0058534106364470841 -0.011706821272894168 -0.011706821272894168 -0.013612523819855013 -0.015518226366815858 -0.0096648157303687744 -0.0038114050939216902 -0.0057171076408825353 -0.0057171076408825353 -0.0038114050939216902 -0.0038114050939216902 -0.0038114050939216902 -0.0019057025469608451 0.0 0.0 0.0 
0.0 0.0 0.0 0.0 0.0 0.0 0.0 0.0 0.0 0.0 0.0 0.0 -0.012500000000000001 -0.025000000000000001 -0.049062499999999995 -0.049062499999999995 -0.058472044688852476 -0.091006589377704963 -0.099478634066557436 -0.094235223444262398 -0.11305431282196735 -0.10364476813311486 -0.058610223444262387 -0.03763817875540991 -0.018819089377704955 0.0 0.0 0.0 0.0 0.0 0.0 0.0 0.0 0.0 -0.0058534106364470841 -0.011706821272894168 -0.014633526591117711 -0.016539229138078555 -0.018444931685039401 -0.012591521048592316 -0.0067381104121452323 -0.0038114050939216902 -0.0038114050939216902 -0.0019057025469608451 -0.0019057025469608451 -0.0019057025469608451 -0.0019057025469608451 0.0 0.0 0.0 
0.0 0.0 0.0083555614688775714 0.0083555614688775714 0.0083555614688775714 0.0083555614688775714 0.0083555614688775714 0.0 0.0 0.0 0.0 0.0 0.0 -0.012500000000000001 -0.036562499999999998 -0.036562499999999998 -0.045972044688852479 -0.055381589377704959 -0.063853634066557433 -0.058610223444262394 -0.077429312821967342 -0.068019768133114861 -0.058610223444262387 -0.03763817875540991 -0.018819089377704955 0.0 0.0 0.0 0.0 0.0 0.0 0.0 0.0 0.0 -0.0058534106364470841 -0.011706821272894168 -0.014633526591117711 -0.020486937227564797 -0.02239263977452564 -0.016539229138078558 -0.010685818501631472 -0.0077591131834079292 -0.0019057025469608451 0.0 0.0 0.0 0.0 0.0 0.0 0.0 
0.0 0.0 0.0083555614688775714 0.016711122937755143 0.016711122937755143 0.016711122937755143 0.016711122937755143 0.0083555614688775714 0.0 0.0 0.0 0.0 0.0 0.0 -0.024062500000000001 -0.024062500000000001 -0.033472044688852481 -0.042881589377704962 -0.042881589377704962 -0.03763817875540991 -0.056457268133114871 -0.04704772344426239 -0.03763817875540991 -0.03763817875540991 -0.018819089377704955 0.0 0.0 0.0 0.0 0.0 0.0 0.0 0.0 0.0 -0.0058534106364470841 -0.011706821272894168 -0.014633526591117711 -0.020486937227564797 -0.02341364254578834 -0.017560231909341254 -0.011706821272894168 -0.0087801159546706253 -0.0029267053182235421 0.0 0.0 0.0 0.0 0.0 0.0 0.0 
0.0 0.0 0.0083555614688775714 0.016711122937755143 0.033422245875510286 0.033422245875510286 0.033422245875510286 0.025066684406632712 0.016711122937755143 0.0 0.0 0.0 0.0 0.0 0.0 0.0 -0.0094095446888524774 -0.018819089377704955 -0.018819089377704955 -0.018819089377704955 -0.03763817875540991 -0.028228634066557432 -0.018819089377704955 -0.018819089377704955 -0.040195684187299206 -0.021376594809594255 -0.021376594809594255 -0.021376594809594255 -0.021376594809594255 0.0 0.0 0.0 0.0 0.0 0.0 -0.0058534106364470841 -0.0087801159546706253 -0.014633526591117711 -0.017560231909341254 -0.017560231909341254 -0.011706821272894168 -0.0087801159546706253 -0.0029267053182235421 0.0 0.0 0.0 0.0 0.0 0.0 0.0 
0.016711122937755143 0.016711122937755143 0.025066684406632712 0.033422245875510286 0.050133368813265432 0.033422245875510286 0.033422245875510286 0.025066684406632712 0.016711122937755143 0.0 0.0 0.0 0.0 0.0 0.0 0.0 -0.0094095446888524774 -0.018819089377704955 -0.018819089377704955 -0.018819089377704955 -0.018819089377704955 -0.0094095446888524774 0.0 0.0 -0.021376594809594255 -0.04275318961918851 -0.04275318961918851 -0.04275318961918851 -0.04275318961918851 -0.021376594809594255 -0.0056063732368399934 -0.0056063732368399934 -0.0056063732368399934 -0.0056063732368399934 -0.0056063732368399934 0.0 -0.0029267053182235421 -0.0087801159546706253 -0.011706821272894168 -0.011706821272894168 -0.011706821272894168 -0.0087801159546706253 -0.0029267053182235421 0.0 0.0 0.0 0.0 0.0 0.0 0.0 
0.016711122937755143 0.025066684406632712 0.033422245875510286 0.041777807344387859 0.058488930282143005 0.041777807344387859 0.033422245875510286 0.025066684406632712 0.016711122937755143 0.0 0.0 0.0 0.0 0.0 0.0 0.0 0.0 -0.0094095446888524774 -0.0094095446888524774 -0.0094095446888524774 -0.0094095446888524774 -0.0094095446888524774 0.0 0.0 -0.021376594809594255 -0.04275318961918851 -0.053441487023985636 -0.053441487023985636 -0.053441487023985636 -0.032064892214391384 -0.016294670641637123 -0.011212746473679987 -0.011212746473679987 -0.011212746473679987 -0.011212746473679987 -0.0056063732368399934 0.0 -0.0058534106364470841 -0.0087801159546706253 -0.0087801159546706253 -0.0087801159546706253 -0.0087801159546706253 -0.0029267053182235421 0.0 0.0 0.0 0.0 0.0 0.0 0.0 
0.016711122937755143 0.025066684406632712 0.033422245875510286 0.041777807344387859 0.058488930282143005 0.041777807344387859 0.033422245875510286 0.025066684406632712 0.016711122937755143 0.0 0.0 0.0 0.0 0.0 0.0 0.0 0.0 0.0 0.0 0.0 0.0 0.0 -0.021376594809594255 -0.021376594809594255 -0.04275318961918851 -0.064129784428782768 -0.074818081833579894 -0.053441487023985636 -0.053441487023985636 -0.032064892214391384 -0.016294670641637123 -0.011212746473679987 -0.022425492947359973 -0.022425492947359973 -0.022425492947359973 -0.01681911971051998 -0.011212746473679987 0.0 -0.0029267053182235421 -0.0029267053182235421 -0.0029267053182235421 -0.0029267053182235421 -0.0029267053182235421 0.0 0.0 0.0 0.0 0.0 0.0 0.0 
0.016711122937755143 0.025066684406632712 0.033422245875510286 0.033422245875510286 0.050133368813265432 0.033422245875510286 0.025066684406632712 0.016711122937755143 0.016711122937755143 0.0 0.0 0.0 0.0 0.0 0.0 0.0 0.0 0.0 0.0 0.0 0.0 0.0 -0.021376594809594255 -0.032064892214391384 -0.053441487023985636 -0.074818081833579894 -0.08550637923837702 -0.064129784428782768 -0.053441487023985636 -0.032064892214391384 -0.016294670641637123 -0.011212746473679987 -0.022425492947359973 -0.028031866184199967 -0.028031866184199967 -0.022425492947359973 -0.01681911971051998 -0.0056063732368399934 0.0 0.0 0.0 0.0 0.0 0.0 0.0 0.0 0.0 0.0 0.0 0.0 
0.016711122937755143 0.025066684406632712 0.033422245875510286 0.033422245875510286 0.033422245875510286 0.016711122937755143 0.0083555614688775714 0.0 0.0 0.0 0.0 0.0 0.0 0.0 0.0 0.0 0.0 0.0 0.0 0.0 0.0 0.0 -0.021376594809594255 -0.032064892214391384 -0.032064892214391384 -0.053441487023985636 -0.064129784428782768 -0.04275318961918851 -0.032064892214391384 -0.032064892214391384 -0.016294670641637123 -0.011212746473679987 -0.022425492947359973 -0.028031866184199967 -0.039244612657879957 -0.03363823942103996 -0.028031866184199967 -0.01681911971051998 -0.011212746473679987 0.0 0.0 0.0 0.0 0.0 0.00048931647241777791 0.00048931647241777791 0.00048931647241777791 0.00048931647241777791 0.00048931647241777791 0.0 
0.0036592815038086683 0.01201484297268624 0.020370404441563811 0.020370404441563811 0.020370404441563811 0.016711122937755143 0.0083555614688775714 0.0 0.0 0.0 0.0 0.0 0.0 0.0 0.0 0.0 0.0 0.0 0.0 0.0 0.0 0.0 -0.021376594809594255 -0.032064892214391384 -0.032064892214391384 -0.032064892214391384 -0.04275318961918851 -0.021376594809594255 -0.010688297404797127 -0.010688297404797127 -0.010688297404797127 -0.0056063732368399934 -0.01681911971051998 -0.022425492947359973 -0.03363823942103996 -0.039244612657879957 -0.03363823942103996 -0.022425492947359973 -0.01681911971051998 -0.0056063732368399934 0.0 0.0 0.0 0.0 0.00048931647241777791 0.025978632944835552 0.025978632944835552 0.025978632944835552 0.025978632944835552 0.025489316472417776 
0.0036592815038086683 0.0073185630076173366 0.015674124476494907 0.015674124476494907 0.015674124476494907 0.01201484297268624 0.0083555614688775714 0.0 0.0 0.0 0.0 0.0 0.0 0.0 0.0 0.0 0.0 0.0 0.0 0.0 0.0 0.0 -0.021376594809594255 -0.032064892214391384 -0.032064892214391384 -0.032064892214391384 -0.032064892214391384 -0.010688297404797127 0.0 0.0 0.0 0.0 -0.011212746473679987 -0.01681911971051998 -0.028031866184199967 -0.03363823942103996 -0.03363823942103996 -0.022425492947359973 -0.01681911971051998 -0.0056063732368399934 0.0 0.0 0.0 0.0 0.00048931647241777791 0.025978632944835552 0.051223291181044441 0.051223291181044441 0.051223291181044441 0.050733974708626665 
0.0073185630076173366 0.010977844511426004 0.010977844511426004 0.010977844511426004 0.010977844511426004 0.0073185630076173366 0.0036592815038086683 0.0 0.0 0.0 0.0 0.0 0.0 0.0 0.0 0.0 0.0 0.0 0.0 0.0 0.0 0.0 0.0 -0.010688297404797127 -0.010688297404797127 -0.010688297404797127 -0.010688297404797127 -0.010688297404797127 0.0 0.0 0.0 0.0 0.0 -0.0056063732368399934 -0.01681911971051998 -0.022425492947359973 -0.022425492947359973 -0.022425492947359973 -0.01681911971051998 -0.0056063732368399934 0.0 0.0 0.0 0.0 0.00048931647241777791 0.025978632944835552 0.051223291181044441 0.10171260765346221 0.10171260765346221 0.10122329118104445 
0.010977844511426004 0.014637126015234673 0.014637126015234673 0.010977844511426004 0.010977844511426004 0.0073185630076173366 0.0036592815038086683 0.0 0.0 0.0 0.0 0.0 0.0 0.0 0.0 0.0 0.0 0.0 0.0 0.0 0.0 0.0 0.0 0.0 0.0 0.0 0.0 0.0 0.0 0.0 0.0 0.0 0.0 0.0 -0.011212746473679987 -0.01681911971051998 -0.01681911971051998 -0.01681911971051998 -0.01681911971051998 -0.0056063732368399934 0.0 0.0 0.0 0.0 0.00048931647241777791 0.025978632944835552 0.051223291181044441 0.10171260765346221 0.1269572658896711 0.12646794941725334 
0.01829640751904334 0.021955689022852009 0.021955689022852009 0.01829640751904334 0.010977844511426004 0.0073185630076173366 0.0036592815038086683 0.0 0.0 0.0 0.0 0.0 0.0 0.0 0.0 0.0 0.0 0.0 0.0 0.0 0.0 0.0 0.0 0.0 0.0 0.0 0.0 0.0 0.0 0.0 0.0 0.0 0.0 0.0 0.0 -0.0056063732368399934 -0.0056063732368399934 -0.0056063732368399934 -0.0056063732368399934 -0.0056063732368399934 0.0 0.0 0.0 0.0 0.0 0.025489316472417776 0.050733974708626665 0.10122329118104445 0.12646794941725334 0.17646794941725333 
